%YAML:1.0
---
K: !!opencv-matrix
   rows: 3
   cols: 3
   dt: d
   data: [ 1.3141529009926553e+03, 0., 6.3539384929251435e+02, 0.,
       1.3102622648449476e+03, 4.3648428639526691e+02, 0., 0., 1. ]
D: !!opencv-matrix
   rows: 1
   cols: 5
   dt: d
   data: [ -5.7118942157565200e-01, 3.0832056191915352e-01,
       2.2797504432662392e-02, 4.0017255828340538e-03,
       8.2395652281210263e-03 ]
board_width: 9
board_height: 6
square_size: 2.3799999237060547e+01
