%YAML:1.0
---
K: !!opencv-matrix
   rows: 3
   cols: 3
   dt: d
   data: [ 1.1139962151011091e+03, 0., 6.6764990196841802e+02, 0.,
       1.1170288536688886e+03, 4.7670986549436788e+02, 0., 0., 1. ]
D: !!opencv-matrix
   rows: 1
   cols: 5
   dt: d
   data: [ -4.3747700455255140e-01, 1.7449653436777957e-01,
       -1.0017788982094788e-03, -4.1279292892341711e-03,
       9.5180200781169913e-02 ]
board_width: 9
board_height: 6
square_size: 2.3799999237060547e+01
