%YAML:1.0
---
K1: !!opencv-matrix
   rows: 3
   cols: 3
   dt: d
   data: [ 1.1139962151011091e+03, 0., 6.6764990196841802e+02, 0.,
       1.1170288536688886e+03, 4.7670986549436788e+02, 0., 0., 1. ]
K2: !!opencv-matrix
   rows: 3
   cols: 3
   dt: d
   data: [ 1.3141529009926553e+03, 0., 6.3539384929251435e+02, 0.,
       1.3102622648449476e+03, 4.3648428639526691e+02, 0., 0., 1. ]
D1: !!opencv-matrix
   rows: 1
   cols: 5
   dt: d
   data: [ -4.3747700455255140e-01, 1.7449653436777957e-01,
       -1.0017788982094788e-03, -4.1279292892341711e-03,
       9.5180200781169913e-02 ]
D2: !!opencv-matrix
   rows: 1
   cols: 5
   dt: d
   data: [ -5.7118942157565200e-01, 3.0832056191915352e-01,
       2.2797504432662392e-02, 4.0017255828340538e-03,
       8.2395652281210263e-03 ]
R: !!opencv-matrix
   rows: 3
   cols: 3
   dt: d
   data: [ 9.9967392642668107e-01, -3.1043568992377302e-03,
       2.5345685844040046e-02, 1.8862293723144827e-03,
       9.9884825636779195e-01, 4.7943747139504972e-02,
       -2.5465328613973055e-02, -4.7880306173456413e-02,
       9.9852841387680025e-01 ]
T: [ -1.2027040146036491e+02, 3.0401006201917005e+00,
    6.6656201283884783e+01 ]
E: !!opencv-matrix
   rows: 3
   cols: 3
   dt: d
   data: [ -2.0314604602129477e-01, -6.6724991377001786e+01,
       -1.6012120932862350e-01, 6.3571741162425624e+01,
       -5.9655082838593971e+00, 1.2178286034384261e+02,
       -3.2659668875738204e+00, -1.2012244323400516e+02,
       -5.8432671512361347e+00 ]
F: !!opencv-matrix
   rows: 3
   cols: 3
   dt: d
   data: [ -2.8298158726752099e-08, -9.2695287273210624e-06,
       4.4129215738911770e-03, 8.8818119817712510e-06,
       -8.3119753371827677e-07, 1.3420581895129216e-02,
       -4.4566618771678642e-03, -1.5677421659948877e-02, 1. ]
R1: !!opencv-matrix
   rows: 3
   cols: 3
   dt: d
   data: [ 8.8645370364240483e-01, -1.5882076121689556e-03,
       -4.6281455130024196e-01, 1.2843639819530368e-02,
       9.9969339873193197e-01, 2.1169540570937367e-02,
       4.6263903014645202e-01, -2.4710041043653444e-02,
       8.8620231417931383e-01 ]
R2: !!opencv-matrix
   rows: 3
   cols: 3
   dt: d
   data: [ 8.7443923265762891e-01, -2.2103387211179149e-02,
       -4.8463127082652235e-01, 1.0272603273297869e-02,
       9.9958118137664964e-01, -2.7054305750671370e-02,
       4.8502629002057901e-01, 1.8678921581666910e-02,
       8.7430006054982023e-01 ]
P1: !!opencv-matrix
   rows: 3
   cols: 4
   dt: d
   data: [ 8.6637706254100556e+02, 0., 1.4425719461441040e+03, 0., 0.,
       8.6637706254100556e+02, 4.7873885726928711e+02, 0., 0., 0., 1.,
       0. ]
P2: !!opencv-matrix
   rows: 3
   cols: 4
   dt: d
   data: [ 8.6637706254100556e+02, 0., 1.4425719461441040e+03,
       -1.1916153031145607e+05, 0., 8.6637706254100556e+02,
       4.7873885726928711e+02, 0., 0., 0., 1., 0. ]
Q: !!opencv-matrix
   rows: 4
   cols: 4
   dt: d
   data: [ 1., 0., 0., -1.4425719461441040e+03, 0., 1., 0.,
       -4.7873885726928711e+02, 0., 0., 0., 8.6637706254100556e+02, 0.,
       0., 7.2706104082125318e-03, 0. ]
